2.975036
2.893611
2.836174
2.470433
2.879342
2.853805
2.765082
2.417276
2.918664
2.691251
2.740204
2.457944
2.687979
2.399516
2.462202
2.109024
2.811272
2.746072
2.68904
2.442402
2.567758
2.415198
2.508868
2.205395
2.744469
2.479482
2.577862
2.216165
2.355189
2.191668
2.150239
1.94547
2.617116
2.392122
2.490818
2.284774
2.458241
2.183582
2.213468
1.986894
2.451158
2.319539
2.366113
1.972329
2.155882
1.939272
2.008647
1.808767
2.805657
2.68558
2.744382
2.426339
2.578814
2.546632
2.45661
2.088666
2.650019
2.59437
2.459413
2.178682
2.280459
2.140045
2.106816
1.990144
2.74198
2.669447
2.594731
2.32717
2.642511
2.601824
2.453545
2.247724
2.801393
2.508196
2.65457
2.145316
2.362119
2.141229
2.213916
1.966512
2.49797
2.34968
2.339783
2.157496
2.351568
2.138111
2.146351
1.923193
2.364784
2.134949
2.18532
1.967651
2.093969
1.926811
2.002431
1.751873
3.408773
3.048582
3.21277
2.751129
3.160788
3.083368
3.023111
2.583121
3.267634
2.96093
3.006021
2.605904
2.715291
2.726426
2.762222
2.381732
3.227152
2.978365
2.853199
2.657909
3.0325
2.830954
2.798304
2.362083
2.948031
2.840464
2.897175
2.45374
2.692609
2.44914
2.393672
2.07993
2.945761
2.828761
2.752301
2.415452
2.707579
2.605896
2.654128
2.202334
2.767668
2.598923
2.686457
2.257738
2.420458
2.293999
2.348618
1.97856
3.163149
2.933266
2.866476
2.496183
2.869531
2.796166
2.660615
2.299394
2.868267
2.747051
2.769312
2.29207
2.460779
2.403947
2.402254
2.139098
3.011214
2.980952
2.85203
2.413117
2.993799
2.749361
2.894862
2.322667
2.970649
2.743192
2.919337
2.506262
2.644202
2.435304
2.360605
2.117402
2.699785
2.604408
2.594784
2.265146
2.52263
2.347226
2.486451
2.088083
2.585879
2.410912
2.447847
2.165595
2.274277
2.123289
2.263947
1.954102
3.420994
3.389457
3.561759
2.961935
3.612204
3.394109
3.279499
2.738164
3.521218
3.324663
3.345965
2.879714
2.9107
2.836291
2.887302
2.568132
3.340143
3.155622
3.300901
2.759132
3.108977
3.259251
2.863964
3.304423
3.293299
3.36942
2.673215
2.997158
2.683568
2.70258
2.345384
3.298703
3.149376
3.138792
2.531575
3.115408
3.058584
2.909338
2.612232
3.096213
3.009947
2.965628
2.484901
2.534217
2.486635
2.550724
2.185775
3.292913
3.251428
3.262758
2.806851
3.440098
3.191643
3.138237
2.535991
3.245463
2.544407
2.827038
2.698445
2.65705
2.467007
3.351625
3.287213
3.244657
2.675634
3.364944
3.069984
3.297259
2.681892
3.336261
3.32396
3.222137
2.579556
2.647887
2.492504
2.627478
2.473243
3.004715
2.864897
2.842604
2.461044
2.92582
2.917197
2.857808
2.25276
2.975514
2.751806
2.798923
2.329258
2.507917
2.323646
2.344162
2.121778
2.992395
2.834644
3.071857
2.951371
2.746873
2.967478
2.752782
2.817132
2.583676
2.60968
2.717738
2.697708
2.805754
2.747032
2.811518
2.756023
2.764583
2.77752
3.002793
2.780108
2.537632
2.504451
2.556885
2.528416
3.180296
3.012777
3.254112
3.090384
3.196488
3.100494
3.053309
2.823012
2.95931
2.904779
2.848448
3.222835
2.9494
3.187342
3.160918
3.033645
2.945647
3.068408
3.104815
2.719149
2.699942
2.678872
2.785563
3.521606
3.435756
3.426995
3.346612
3.269646
3.210648
3.350106
3.365131
3.205298
3.264149
3.156927
3.124044
3.464563
3.403823
3.255472
3.148491
3.407489
3.088504
3.513923
3.409719
2.959793
2.974928
2.995213
2.873171
3.087414
2.901732
2.937201
2.972228
2.891904
2.822017
2.714271
2.6817
2.609312
2.63327
2.627734
2.554576
2.82479
2.836657
2.921307
2.81873
2.868213
2.84669
2.719696
2.775088
2.627773
2.54626
2.45605
2.605913
3.20679
3.083249
3.120268
3.142322
3.071297
3.166958
3.226591
2.962379
2.842479
2.917901
2.766113
2.831413
3.143473
2.840925
3.033569
3.003368
2.982193
2.986281
3.052663
2.995555
2.754344
2.615172
2.697959
2.639662
3.451634
3.391564
3.543475
3.372919
3.405958
3.420973
3.422645
3.383254
3.293367
3.264772
3.113453
3.16255
3.422898
3.335959
3.314251
3.35003
3.168754
3.244524
3.270709
3.400273
2.963347
3.137532
3.105458
3.029801
2.790852
2.839183
2.752557
2.786274
2.589723
2.553472
2.576066
2.560776
2.462845
2.384954
2.54134
2.477282
2.524256
2.500417
2.660389
2.513112
2.552338
2.326874
2.338177
2.314649
2.321096
3.214561
2.960673
3.056378
3.082771
3.016112
2.935844
2.962758
2.762782
2.620336
2.504483
2.79172
2.637278
2.727679
2.992041
2.856768
2.842317
2.868045
2.882611
2.782644
2.524228
2.447465
2.471885
2.534267
3.270329
3.257561
3.223484
3.144131
3.144974
3.115743
2.912286
3.002564
2.906369
2.883196
3.194937
3.142654
3.14511
3.040649
3.03179
3.078298
2.851167
2.684123
2.851452
2.644676
2.830515
2.70103
2.871446
2.835612
2.599439
2.591637
2.588807
2.672261
2.392734
2.388761
2.320932
2.487024
2.581417
2.578452
2.451642
2.540013
2.605245
2.587754
2.677989
2.304702
2.25089
2.287612
2.319625
3.020758
3.077433
3.072588
3.043473
2.775723
2.829443
2.854201
2.848231
2.650522
2.75082
2.665203
2.657029
2.854622
2.722855
2.916048
2.731809
2.884005
2.861149
2.884345
2.807317
2.501572
2.52098
2.541305
2.620531
3.361566
3.324059
3.165195
3.125916
3.199606
3.107249
3.19917
3.039232
2.926203
2.999002
2.979933
2.927595
3.214098
3.09531
2.836288
3.201023
3.052488
3.160358
3.117631
3.401705
2.802896
2.749781
2.766376
2.859601
2.41322
2.537597
2.528377
2.522618
2.261769
2.50149
2.298457
2.282767
2.19367
2.173409
2.152739
2.175937
2.337924
2.289097
2.388322
2.222539
2.3034
2.417906
2.360824
2.30626
2.095235
2.169198
2.142586
2.055616
2.6484
2.733627
2.894676
2.780019
2.531057
2.462882
2.578394
2.535835
2.433748
2.378692
2.306244
2.356956
2.45449
2.485068
2.506333
2.493725
2.530618
2.410146
2.567418
2.597301
2.29742
2.295923
2.289009
2.259403
2.923378
2.93116
2.898392
2.88577
2.722353
2.697819
2.656874
2.782174
2.536487
2.621487
2.533812
2.487153
2.933477
2.703759
2.807725
2.61731
2.794573
2.734215
2.652059
2.824079
2.541348
2.488718
2.509215
2.442518
2.541004
2.538178
2.556094
2.52257
2.316457
2.358826
2.321218
2.360895
2.201997
2.126257
2.151562
2.147583
2.307945
2.287394
2.194119
2.312449
2.240559
2.268582
2.336668
2.306956
2.089343
2.106066
2.094103
2.135937
2.768701
2.762994
2.657481
2.768847
2.601005
2.560275
2.489201
2.521064
2.334371
2.322001
2.418158
2.348792
2.553415
2.549034
2.653602
2.810988
2.420622
2.516985
2.619742
2.623636
2.32011
2.327003
2.343797
2.407907
2.978823
2.820792
2.928585
2.787499
2.630755
2.592999
2.560702
2.594432
2.574904
2.748496
2.608082
2.865961
2.708422
2.744841
2.755613
2.782957
2.712018
2.470614
2.584176
2.553885
2.513301
2.955602
2.699999
2.737559
2.690156
2.611251
2.552779
2.678486
2.423919
2.42181
2.349155
2.485983
2.532747
2.567292
2.56101
2.388571
2.473714
2.190948
2.196818
2.268584
2.934654
2.713875
2.700397
2.61085
2.656373
2.593436
2.575054
2.614408
2.529045
2.822609
2.77624
2.741445
2.719997
2.791429
2.379243
2.351361
3.453263
3.320802
3.475529
3.051088
2.991027
3.132884
2.89818
3.024141
2.927579
3.121435
3.104457
2.922211
3.190722
3.060779
2.557248
2.721325
2.626706
2.941853
2.440581
2.598035
2.823194
2.492844
2.347411
2.357425
2.508594
2.36207
2.452239
2.502671
2.157604
2.150242
3.13233
3.026075
2.827486
2.705474
2.780264
2.65756
2.641773
2.640174
2.797874
2.897713
2.582997
2.742951
2.730663
2.723507
2.919424
2.782026
2.719704
2.768928
3.234828
3.388651
3.001297
3.028114
2.809523
2.883169
2.772352
2.821756
3.239129
2.944551
3.228244
3.049015
2.578925
2.684459
2.675634
2.689117
3.445895
3.316567
3.340557
2.94025
3.227937
2.852281
2.665721
3.21025
3.420773
3.237333
3.313367
3.000847
2.927418
3.09867
2.766993
2.587714
3.091402
3.10805
2.67718
3.306162
3.203916
3.120698
2.937663
3.445021
2.64748
2.470893
2.823943
2.808816
2.673289
2.933798
2.931741
2.85149
2.515676
2.841173
2.455256
2.344129
2.714216
2.849826
2.557925
3.229196
2.760152
3.229346
2.497293
2.918636
3.02125
2.871963
2.518735
2.67316
2.527781
2.837007
2.427975
2.499697
2.816319
2.582272
2.450465
2.30135
2.630069
2.307005
2.387437
2.308905
2.912437
2.851963
2.997671
3.024852
3.077698
3.000043
3.048508
2.912128
2.647383
2.412902
2.936644
2.727272
2.588533
2.571122
3.937274
3.619393
3.402559
3.045291
3.684299
2.8141
2.822382
3.335642
4.025017
3.68173
3.217606
3.25833
2.964294
3.171101
2.716591
2.428271
2.838417
2.541797
3.139847
3.052288
2.850089
2.607254
2.932947
2.468665
2.362772
2.939511
2.726476
2.835777
2.783207
2.689636
2.332043
2.699245
2.473087
3.24325
3.20458
2.824301
2.978344
3.085935
2.634471
2.8036
2.933041
2.604075
2.769489
2.603331
2.472744
2.454993
2.473856
2.250185
2.545092
2.55088
1.28318
2.588363
2.486032
2.353814
2.330176
2.247153
2.320714
2.337605
2.339342
2.249111
2.412105
1.281195
1.324604
2.469408
2.604528
2.856477
1.39561
1.306788
1.345367
2.437748
2.664116
1.256051
2.751592
2.46562
1.296011
2.992056
2.629681
2.66538
2.733448
2.605482
2.274393
2.264526
1.25715
2.883493
2.764367
2.668776
1.221473
2.238306
2.292404
2.562771
1.263124
2.618326
2.677437
2.386689
2.4116
2.440215
2.107773
1.152477
2.393359
2.238215
2.544438
2.379796
2.244522
1.180439
1.940569
2.043347
2.191235
2.223914
2.300964
2.88262
2.909756
2.565911
1.211813
2.136896
2.234935
1.256285
2.372059
2.206726
2.12546
2.104795
2.150749
1.960466
1.924216
2.15136
2.216954
2.003736
2.134102
2.144659
1.988668
1.935617
2.026396
1.81144
1.825595
1.999081
2.102247
2.060756
2.708882
1.24565
1.192006
2.07983
1.158778
2.496893
2.261738
1.202854
2.027375
2.260009
1.205175
2.314461
1.172147
1.888639
1.77976
2.672903
2.568205
2.410706
2.588309
2.448172
2.016216
2.063962
2.357663
1.191016
2.633905
2.466152
2.183196
1.30119
1.997181
2.04318
1.245493
2.109028
2.427752
2.285559
2.130189
2.1137
2.121545
1.92435
1.138881
1.209023
2.218423
2.087144
1.951033
1.149843
1.801795
1.925331
2.107276
1.963533
2.04124
2.671318
2.402407
2.227836
1.241936
2.002771
2.181809
2.256921
1.217383
2.125588
2.04226
1.956719
1.901283
1.940581
1.847897
1.959301
1.168192
1.839177
1.984021
1.869816
1.793772
1.737323
1.835812
1.789379
1.735874
1.817922
1.742659
1.879087
2.488417
2.238092
2.12042
1.897426
1.151375
1.170719
1.785935
2.960228
2.843224
2.649624
2.876898
2.811911
2.239842
2.390689
2.59371
2.557065
2.66552
2.850333
2.647635
2.585038
2.529136
2.597961
2.096225
1.994646
2.491593
2.675406
2.483849
2.268683
2.390475
2.39035
2.108062
1.923023
2.181131
2.425067
2.423471
2.059496
2.257185
2.119144
1.962113
1.951761
2.198574
2.194751
2.228083
2.911058
2.68876
2.382434
2.402979
2.474604
2.116773
2.100872
2.362086
2.323706
2.165469
2.131766
1.970581
2.167118
1.899696
2.22066
2.06312
2.056734
2.097344
2.103408
2.098604
2.016129
1.762507
1.83817
1.78201
1.994575
1.913465
3.094407
2.817035
2.553146
2.456422
2.569537
1.876855
2.161429
2.53163
2.589201
2.183309
2.398571
2.291962
2.098883
1.903878
1.922834
2.977026
3.106389
2.693301
2.555164
2.593781
2.414026
2.196082
2.633747
2.821358
2.794061
2.462532
2.442738
2.372492
2.191056
2.622599
2.736075
2.53852
2.523042
2.21647
2.124259
2.17876
2.389617
2.388978
2.464148
2.305754
2.113599
2.162366
2.206795
2.02819
2.107368
2.217008
2.168844
2.046172
2.713306
2.466666
2.416205
2.602483
2.218911
2.260231
2.57852
2.665224
2.513094
2.340342
2.161477
2.084229
2.041039
2.086489
2.186288
2.234682
2.381402
2.104887
2.12686
2.026466
2.197101
1.986357
1.971854
1.829516
1.906803
1.940184
2.019295
2.162732
2.745842
2.228719
2.072117
2.002229
2.191266
2.054612
1.954856
2.448284
2.300375
2.244421
1.977939
2.515281
2.363547
2.184227
2.219882
2.281546
1.987087
1.922571
2.254842
2.114311
2.334219
2.343208
2.117892
2.047136
1.953329
1.850822
2.183773
2.02068
2.322854
2.120131
2.083653
2.042703
1.849801
1.871256
2.078284
2.04384
1.860669
2.052847
1.999129
1.895331
1.842377
2.01391
